Bao Zhu Zhao Fu
Big City 5's
Cash Eruption
Flush Bonus Poker
Flush Fever Poker
Golden Egypt
Greatest Game in the West
Icy Wilds
Ocean Magic
Regal Riches
Samurai 888
Thunder Stampede
Wild Witch
